3658625362
3658569120
3658595071
3658570983
3658487910
3667553441
3667512310
3667496576
3667434752
3667449801
3661927441
3661923958
3661900629
3660915721
3660827896
3667558139
3667545424
3667531807
3667487643
3667463614
3666453757
3666409307
3666406047
3666441611
3666339176
3666449918
3658438111
3658463240
3658347033
3656986774
3667504776
3667439039
3663787427
3662668857
3662525869
3667930757
3666418317
3665257390
3665273629
3664904886
3662271344
3662196925
3662201866
3664010433
3662879293
3662817772
3657865820
3657835902
3657803480
3667719824
3667510974
3667151326
3667055572
3667081001
3665916542
3665900022
3664269183
3664262897
3662736239
3667556806
3667534429
3667222655
3667057307
3666879243
3663518456
3661965490
3661350964
3661228362
3661264585
3667424367
3667289151
3665036699
3665122651
3664299228
3660854844
3660834993
3659478982
3659500052
3659066708
3661733037
3658600605
3658495401
3658481374
3658466688
3658462509
3667772612
3667710868
3667687989
3667685777
3667654344
3664054185
3664020210
3662113449
3660983167
3660710649
3662628999
3662631054
3662396099
3664556458
3664544133
3664405376
3664253881
3664206632
3664856966
3664100290
3663792738
3663748536
3663735171
3667980470
3667896372
3667913407
3667870759
3659031343
3661993657
3661840763
3661804863
3661780574
3661737054
3667447517
3667406118
3667360337
3664092059
3664054203
3645281249
3645260893
3643149363
3642688992
3642735012
3662747477
3662770036
3662694917
3661894207
3667516057
3667559835
3667444698
3667397363
3667298195
3667570627
3667536268
3667502158
3667436532
3665788085
3666061705
3665787391
3665782288
3665630525
3665405655
3666754347
3666708490
3666619410
3665613412
3665604458
3664006257
3665752325
3665732332
3665661119
3665265123
3665252185
3666312685
3657548547
3657544055
3665456314
3664261211
3662823757
3662768253
3659635760
3667054246
3666907582
3666902199
3666704808
3665531046
3666737200
3663716852
3663712788
3663617986
3661904281
3659075319
3665809722
3665766090
3665738819
3664279454
3664237042
3667981137
3667897959
3667864561
3667171563
3667095539
3667484224
3667440398
3665767799
3665736728
3665626022
3667185696
3667037908
3666904158
3666830294
3666557833
3665598858
3665591433
3664646745
3660714184
3660321362
3665417878
3665421154
3666433815
3663511605
3663428613
3661909794
3661877478
3658471387
3664826937
3664794105
3664781035
3664531722
3663565705
3663061692
3662937006
3661922409
3661819131
3660432013
3667578706
3667613531
3665658896
3665048844
3665054638
3667567306
3667514116
3661599861
3661386808
3659801975
3666907891
3666609232
3665434526
3664465353
3664409444
3667384793
3667314204
3667081264
3666871522
3666792169
3659022141
3659123706
3659079277
3657379510
3657325741
3656733018
